x105 [*] :=
 1 23.9461        17 30             33 16.0946        49 30
 2 30             18 14.8736        34 23.9407        50  5.47992e-06
 3 12.7122        19 21.4883        35 16.2038        51  1.61778e-06
 4 29.8469        20 22.237         36 11.139         52  1.90145e-06
 5 22.0933        21 25.3743        37 13.0968        53  8.66768
 6  6.70048e-07   22 26.5075        38 29.4307        54  0.08365
 7 30             23 30             39 29.1852        55  7.9294e-07
 8 19.9351        24 29.8569        40  1.1451e-06    56  9.4459
 9 27.4813        25 28.6876        41  8.84767       57 30
10 11.603         26 30             42 30             58  8.06988e-07
11 23.435         27 30             43 30             59  2.37521e-06
12 30             28 30             44 26.8693        60 17.945
13 30             29 30             45 17.8706        61  7.05505
14 11.4408        30 28.3573        46 14.6955        62 10.4648
15 23.853         31  9.23698e-07   47 28.5842        63  1.94547e-05
16 19.1412        32 24.3863        48  5.68008e-06
;

