x310 [*] :=
 1  5.86857       18  4.35434e-06   35  9.09516e-07   52  6.12488
 2  6.35945e-06   19  5.06612       36  3.60166       53  6.75518e-07
 3 12.1181        20 10.8713        37 22.2526        54  4.57137e-05
 4 18.8515        21 10.1264        38 14.1087        55 26.1968
 5  5.73725e-06   22 16.6003        39 20.7711        56 20.9208
 6  1.43699e-06   23 18.4376        40 26.3492        57 29.5191
 7  1.76146e-05   24  2.99798       41 22.8696        58 26.477
 8 24.9501        25  7.44444e-07   42 17.1584        59 14.9407
 9  5.72016e-06   26  1.88777e-06   43  1.85379       60 20.6867
10  0.733239      27  8.53983e-06   44  6.31344e-07   61  5.50535e-06
11 16.5435        28 11.1082        45  8.93496       62  6.04057
12 10.5619        29 14.2415        46 25.6798        63 19.7346
13 12.41          30 13.24          47 22.0236        64 30
14 21.5643        31 19.6668        48 28.3971        65 22.7469
15  2.45462       32 17.6393        49 27.1257        66  6.62617
16  1.7958e-06    33  4.61307       50 17.6385        67  2.9307e-07
17 16.5185        34  9.46242       51 16.8367
;

